京K·2MY2Z 6 32 3
京P·5MMW0 3 22 1.5
京T·6D2X3 1 32 3
京B·H47PD 5 36 3
京F·Z501Q 8 31 3
京I·0EZ20 4 43 3
京W·5HG7H 2 40 3
京M·222VG 7 42 3
京E·S40R7 6 30 3
京F·A5YN6 3 30 3
京N·7L1WG 8 15 1.5
京J·G80EK 7 30 3
京Q·Q0A2B 2 27 1.5
京S·D1D2F 5 27 1.5
京X·V0Q6H 10 27 1.5
京Q·M5X38 9 28 1.5
京P·41KH0 3 33 3
京L·26G6Z 4 33 3
京J·7QJ5J 8 24 1.5
京E·4TVB8 6 41 3
京W·R4L54 1 41 3
京L·F20L4 7 21 1.5
京D·5PB60 4 15 1.5
京S·355BA 6 23 1.5
京R·03U2W 7 20 1.5
京R·0BN5Q 1 17 1.5
京Q·U3B18 5 23 1.5
京O·22ZQW 3 25 1.5
京Y·8C4W7 9 28 1.5
京E·7G6E0 10 36 3
京Q·5CX35 2 33 3
京T·F7K2B 4 28 1.5
京D·QY264 7 18 1.5
京V·L5TN3 8 43 3
京I·GM153 3 16 1.5
京A·C2U14 5 26 1.5
京T·4BN88 4 25 1.5
京M·5J42S 6 25 1.5
京N·6EE7B 2 36 3
京M·2K41H 4 14 0
京I·6T0BQ 1 39 3
京P·16QBB 3 31 3
京H·TM3E7 2 21 1.5
京H·5LK6R 5 37 3
京X·PM64N 6 36 3
京G·0CD4A 4 33 3
京L·QP0NB 3 17 1.5
京Z·QA361 4 15 1.5
京R·E0C8E 4 15 1.5
京O·5BLB0 6 29 1.5
京N·4WAUZ 1 31 3
京K·76T1A 2 34 3
京Z·242BN 3 27 1.5
京Q·S5B45 5 39 3
京Q·2K5ZW 1 17 1.5
京J·2CR54 4 19 1.5
京T·86Z5N 2 17 1.5
京E·E81J8 6 31 3
